episode,rewards_total
1,13.3897494541
2,13.3855915581
3,13.410685251
4,11.0530545684
5,-3.61116363643
6,11.5141668281
7,-1.63000943446
8,1.16159313204
9,2.49086220474
10,4.73579671561
11,7.02098970954
12,1.74955056897
13,3.69184399337
14,9.10851300366
15,11.7491096063
16,12.389711521
17,9.78604889862
18,4.92037021158
19,6.80929091909
20,10.9702604548
21,5.05018095571
22,12.5830959335
23,10.167710915
24,9.96952568448
25,8.36764311937
26,6.32291639304
27,4.27873966133
28,1.41775898292
29,-1.88294086126
30,-4.7035155727
31,-5.31146756801
32,-14.0630974806
33,-21.6474033543
34,-26.0965624093
35,-62.7800866577
36,-63.4091068109
37,-36.1699446995
38,-54.4226702363
39,-31.7589717649
40,-27.6003866961
41,-11.1149564427
42,-11.5715305293
43,-8.75423228165
44,-9.96707239158
45,-11.4951709246
46,-4.33523251181
47,-2.27890624794
48,0.47233594347
49,2.46738481503
50,1.68154525513
51,-7.76726764806
52,2.37929373148
53,1.6055463293
54,-6.89391005061
55,-8.09580436025
56,-0.650707939885
57,17.17707696
58,3.85785621388
59,10.7357846723
60,6.33849999805
61,5.60342504984
62,17.5751288654
63,16.717207251
64,1.23361971517
65,9.65803142301
66,8.36856734401
67,10.1918909257
68,7.11551244441
69,10.1655211956
70,3.59349710095
71,9.36680676305
72,14.0298151274
73,22.6620194168
74,21.8517981452
75,21.1479976727
76,20.2695987725
77,10.9644767657
78,10.5030688517
79,3.25757591435
80,16.0470295606
81,6.9024308109
82,6.39597556642
83,12.2652081065
84,5.18777055
85,11.3987889715
86,10.6242816485
87,12.6600279263
88,13.5313286454
89,12.651591087
90,12.9330435848
91,14.0365733795
92,12.5422134271
93,8.47556364389
94,5.7070316544
95,13.325003117
96,13.3729246809
97,2.47462685413
98,5.85196236944
99,10.3368045396
100,12.9368204137
101,15.9226792316
102,-18.0760258645
103,-2.48241980973
104,9.39981266878
105,13.3859245085
106,5.85098256234
107,-0.772922558946
108,11.8525604226
109,11.2452377542
110,15.3424147318
111,-12.4707200328
112,12.7244883128
113,8.32960929986
114,4.57945711003
115,-0.969292873486
116,8.0821545915
117,19.5167093051
118,15.956262506
119,12.9709916565
120,7.93088685412
121,8.66086473054
122,8.6456870762
123,8.52995678138
124,10.4737931786
125,15.8781456455
126,10.4737832273
127,9.48774524219
128,8.28652264575
129,-7.61568238782
130,10.4572594736
131,9.90984692623
132,19.1470528604
133,22.0489719512
134,15.7851157734
135,20.6088015414
136,15.0016512323
137,16.376009915
138,13.8946959404
139,0.772265095751
140,1.12539207605
141,-36.109924733
142,-6.9926848154
143,9.54448560227
144,-4.15945837564
145,-10.5108619316
146,20.121479658
147,0.999715062203
148,14.3839129227
149,1.19467947747
150,17.141701382
151,13.1097036086
152,13.310255756
153,9.00153885777
154,-10.5051530288
155,-27.5754941846
156,-21.1303970602
157,-11.4265556236
158,0.784382139377
159,-3.88034305437
160,-3.38336935602
161,-3.19869485333
162,-2.87187683227
163,1.46450867347
164,17.2299189178
165,20.5124479735
166,20.7461557158
167,20.6647895227
168,20.6631424052
169,20.5140272462
170,20.5126392217
171,20.6402556854
172,20.7773794873
173,20.7153425882
174,20.8407077849
175,20.7527582417
176,20.5946475914
177,20.7145530361
178,20.6161672595
179,20.7541196327
180,20.6971656092
181,20.681476693
182,20.6703257266
183,20.567925263
184,20.55057934
185,19.9710815645
186,22.8249046735
187,20.3612074572
188,20.1502801523
189,23.0462379957
190,22.6297760206
191,20.6356843947
192,20.4548719535
193,20.4256457046
194,20.8187375931
195,20.7390630034
196,20.6666692615
197,20.7777929262
198,20.7476039229
199,20.7596895213
200,20.7155107991
201,20.6531628523
202,20.8509364647
203,20.6254708587
204,20.5142300075
205,20.6582400719
206,20.8176033113
207,20.5789620011
208,20.5501273485
209,20.6504291147
210,20.5927123739
211,20.7519986851
212,20.6063588351
213,20.7105066718
214,20.7502685823
215,20.5237584766
216,20.7871949865
217,20.8241679735
218,20.8265649943
219,20.6836427041
220,20.5966988594
221,20.7702625703
222,20.6171729552
223,20.5919157845
224,20.8126018435
225,20.7130158605
226,20.6791723941
227,20.6126691255
228,20.8346482463
229,20.8024733534
230,21.0423854889
231,21.167814
232,21.2461353401
233,21.1394912143
234,21.2835774218
235,21.1704224589
236,21.4409464978
237,21.542684338
238,21.7401184943
239,22.0078807499
240,22.8998370444
241,22.1184607015
242,21.8514258597
243,23.1102027725
244,24.7275828507
245,25.3624467625
246,22.4828759014
247,22.0301495023
248,22.3253069275
249,22.0133271053
250,22.4892144872
251,22.3747903514
252,24.9171470324
253,24.8094673205
254,22.4856390154
255,23.111662902
256,26.9068256544
257,26.0713496233
258,23.4540714981
259,24.5503082848
260,18.3271370912
261,21.8930710828
262,19.9397800555
263,21.733170626
264,20.6064319524
265,19.3047341966
266,21.2575860952
267,20.7496787927
268,20.1749715556
269,20.6114196909
270,21.5772579885
271,22.8314273893
272,19.2839733217
273,21.7021626666
274,18.1016475754
275,20.8292193064
276,19.9340549521
277,19.3417166825
278,5.45685054008
279,9.54188235264
280,16.2430954212
281,21.6071477852
282,17.009892044
283,17.2752375065
284,18.6525830191
285,21.5127610318
286,23.8101072243
287,19.7388767558
288,17.8346117135
289,4.74760813773
290,19.3566094358
291,16.6164111205
292,10.1450881698
293,10.9601314021
294,11.9291275345
295,4.53110641966
296,17.2992117943
297,16.3384784692
298,20.1581733741
299,7.3535966305
300,17.0956486363
301,16.716291174
302,11.2305370735
303,17.5380831736
304,26.0610419019
305,17.8916872616
306,13.1830552843
307,10.8072645008
308,15.0166024669
309,16.2123420623
310,10.3388528983
311,14.4379576318
312,16.7803062083
313,13.806047163
314,17.9845195848
315,21.5944844479
316,20.9825960885
317,28.3414632791
318,29.0806324635
319,20.0357338923
320,18.7538339414
321,23.2523721215
322,19.1252620523
323,16.3587078434
324,19.2433993984
325,18.2104540632
326,13.6855101855
327,17.8427297824
328,18.5942981851
329,23.7759992639
330,17.5657066452
331,20.4831937098
332,20.3309870092
333,20.9757901595
334,19.886076848
335,18.2549297912
336,11.244844576
337,19.9999517033
338,3.49091285641
339,20.7132445967
340,21.3648224612
341,21.032712091
342,20.8880442705
343,18.6052610195
344,18.4047209523
345,19.6196308096
346,20.3667062479
347,19.2910122574
348,26.5653389042
349,10.9846498952
350,15.034025174
351,22.6074729865
352,16.3302086569
353,14.1894975817
354,17.7247813186
355,16.6959282679
356,15.0259854133
357,9.2181516213
358,18.9980356774
359,20.9661646985
360,16.7904087613
361,17.2158180746
362,19.4130668268
363,17.0265492127
364,16.359673046
365,16.4630129155
366,8.7877787653
367,17.997637232
368,18.3289523111
369,20.819698503
370,19.3355546986
371,-3.32411184711
372,-13.4863230817
373,-39.0508033282
374,15.1600396565
375,6.12204068777
376,9.73532786299
377,-13.0114575849
378,4.74160468882
379,-38.6831919739
380,-29.5549271181
381,-37.2171373746
382,4.81271824301
383,-5.32693785709
384,-182.214198353
385,-6.56715843515
386,-4.15113701922
387,19.0219344211
388,-13.9222520721
389,-10.4352078054
390,-14.2143595082
391,23.6904107981
392,-8.06789574969
393,-13.4727599522
394,13.6454586174
395,-3.95928048803
396,12.5651668304
397,4.64072210822
398,4.80139580289
399,-1.50055688298
400,-11.3238586111
401,16.5618840559
402,-20.2298517491
403,4.51835422167
404,6.10353820544
405,-4.63942627196
406,-3.40457108897
407,-2.2947104023
408,-1.36258512195
409,-0.823119935291
410,-1.21873869688
411,6.18693660391
412,5.52595611613
413,24.931891985
414,-32.8387812665
415,23.3441750328
416,1.39636059077
417,1.67470791118
418,10.9742536206
419,22.9076495141
420,20.9879877979
421,20.1634509728
422,20.701086859
423,20.813960713
424,20.5632976972
425,20.6524878229
426,20.6490066001
427,20.6632607563
428,20.6587353275
429,20.7282732162
430,20.7100179436
431,20.690998578
432,20.7542428348
433,20.7138375022
434,20.8252040693
435,20.5424545166
436,20.7408090135
437,20.9277862613
438,20.7088543884
439,20.8444022441
440,20.7447418168
441,20.7262930954
442,20.6337925231
443,20.7671853312
444,20.8005474221
445,20.4850954903
446,20.6464125701
447,20.5752652265
448,20.7941800315
449,20.6255443569
450,20.6745333282
451,20.8478896116
452,20.6501495541
453,20.754883948
454,20.5908352155
455,20.542570277
456,20.7609479315
457,20.6712571714
458,20.5952655817
459,20.7575691746
460,20.5153166387
461,22.3562636454
462,22.876941447
463,19.7792698607
464,20.6621700539
465,22.9344608355
466,22.8362782217
467,22.8040258914
468,22.842479094
469,21.1774369065
470,22.7078898941
471,24.64301349
472,22.7085841353
473,20.6520977482
474,22.9572371436
475,23.447964135
476,22.730075177
477,20.4539876862
478,22.8027675744
479,16.8856859619
480,16.7525688661
481,22.8116647134
482,20.6440341281
483,24.3774681854
484,24.179835993
485,15.4895515257
486,15.6839245896
487,22.8429975281
488,23.8056145892
489,23.8068664786
490,23.8066832665
491,23.8065871294
492,23.8056196596
493,23.8066645577
494,23.8056248281
495,23.8056206568
496,23.8063180907
497,23.8063018657
498,23.8055849497
499,23.8056228807
500,23.8056390992
501,23.8056473691
502,23.8056459698
503,23.8056709681
504,23.8056303392
505,23.8056058728
506,23.8056522695
507,23.8056319658
508,23.8056494117
509,23.8056159035
510,23.8056421499
511,23.8056549791
512,23.8056306279
513,23.8056380455
514,23.8056493813
515,23.805665555
516,23.8056205711
517,23.8056561103
518,23.8056644199
519,23.8056351141
520,23.8056402916
521,23.8056480633
522,23.8056478223
523,23.8056448545
524,23.8056499798
525,23.8056506267
526,23.8055973325
527,23.8056234714
528,23.8056510797
529,23.8056345719
530,23.8056083206
531,23.8055417858
532,23.8056433957
533,23.8056429492
534,23.8056359948
535,23.8056278793
536,23.8056544243
537,23.8056573344
538,23.8056480991
539,23.8056522769
540,23.8056295171
541,23.8056412979
542,23.8056298842
543,23.8056582938
544,23.805643349
545,23.8056391164
546,23.8056350417
547,23.8056491913
548,23.8056299348
549,23.8056383619
550,23.805637529
551,23.8055915708
552,23.8056403606
553,23.8056187864
554,23.805645805
555,23.805652549
556,23.805643694
557,23.8056459371
558,23.8056217458
559,23.8056522412
560,23.8056109139
561,23.8056060379
562,23.8056498539
563,23.8056497461
564,23.8056462356
565,23.8056358045
566,23.805653055
567,23.8056368879
568,23.8056485635
569,23.8056436649
570,23.8056509
571,23.8056499886
572,23.805655564
573,23.8056293508
574,23.8056458357
575,23.8056333933
576,23.8056348841
577,23.8055706222
578,23.8056196379
579,23.8056594463
580,23.8056365589
581,23.8056469926
582,23.8056419517
583,23.8056506196
584,23.8056431716
585,23.8056176096
586,23.8056416835
587,23.805631199
588,23.8056231503
589,23.8056429542
590,23.8056368266
591,23.8056482806
592,23.8056370341
593,23.8056498482
594,23.8056499803
595,23.8056280911
596,23.8056338193
597,23.8056403646
598,23.8056483073
599,23.8056361004
600,23.8056227611
601,23.8056466098
602,23.8056430035
603,23.805607094
604,23.8056546572
605,23.8056115861
606,23.8056413338
607,23.805621013
608,23.8056464106
609,23.8056579243
610,23.8056565497
611,23.8056352757
612,23.8056502399
613,23.805635299
614,23.8056320294
615,23.8056550572
616,23.8056466036
617,23.805642068
618,23.8056193925
619,23.8056499161
620,23.8056440265
621,23.805644354
622,23.8056076661
623,23.8056357778
624,23.8056443034
625,23.8055731662
626,23.8056519965
627,23.8056362294
628,23.8056335843
629,23.8056426273
630,23.8056471742
631,23.805639831
632,23.8056269382
633,23.8056449002
634,23.8056192964
635,23.8056260511
636,23.8056494196
637,23.8056528277
638,23.8056438952
639,23.8056381555
640,23.8056305701
641,23.8056402293
642,23.8056570733
643,23.8056421658
644,23.8056342974
645,23.805634215
646,23.805628299
647,23.8056400819
648,23.8056203425
649,23.8056383117
650,23.8056358316
651,23.8056478281
652,23.8056215562
653,23.8056509656
654,23.8056514995
655,23.8056258462
656,23.8056311532
657,23.8056387467
658,23.8056188179
659,23.8056444079
660,23.8056469484
661,23.8056393065
662,23.8056209299
663,23.8056405602
664,23.8056317935
665,23.8056503868
666,23.8056529565
667,23.8056466897
668,23.8056438508
669,23.8056468623
670,23.8056429044
671,23.8056425476
672,23.8056363594
673,23.8056189703
674,23.8056485536
675,23.8056804913
676,23.8056504707
677,23.805601673
678,23.8056406698
679,23.8056461294
680,23.8056510655
681,23.8056558534
682,23.805650912
683,23.8056637971
684,23.8056470672
685,23.8056202211
686,23.8056554016
687,23.8056406078
688,23.8056288334
689,23.8056506155
690,23.805592645
691,23.8056166391
692,23.8056393548
693,23.8057575915
694,23.8056637786
695,23.8056458125
696,23.8056552409
697,23.8056796576
698,23.8056477439
699,23.8056501451
700,23.8056654045
701,23.8056284833
702,23.8057154195
703,23.805638475
704,23.8057608593
705,23.8056341703
706,23.8056277468
707,23.8056179496
708,23.8056308901
709,23.805737907
710,23.8056380592
711,23.8056611584
712,23.8056779137
713,23.8056451142
714,23.8056609428
715,23.8056403143
716,23.8056520776
717,23.8056480322
718,23.8056406382
719,23.805655451
720,23.8056000313
721,23.8056760334
722,23.8056437553
723,23.8056191964
724,23.8056530137
725,23.8056548211
726,23.8056348803
727,23.805646473
728,23.8056364785
729,23.8056232944
730,23.8056501789
731,23.8056553974
732,23.8056640095
733,23.805641839
734,23.8055857623
735,23.805654215
736,23.8056452839
737,23.8056401733
738,23.8056524471
739,23.8056426336
740,23.8056426125
741,23.8056531912
742,23.8056436686
743,23.8056275332
744,23.8056464137
745,23.805644368
746,23.8056332951
747,23.8056485577
748,23.8056475909
749,23.8056405228
750,23.8056302352
751,23.8056334088
752,23.8056192688
753,23.8056464973
754,23.8056407516
755,23.8056334261
756,23.8056493665
757,23.8056476412
758,23.8056159623
759,23.8056100053
760,23.8056312925
761,23.805658852
762,23.8056456576
763,23.8056343223
764,23.8056615815
765,23.8055843971
766,23.8056483374
767,23.8056330602
768,23.8056046861
769,23.8056244312
770,23.805624159
771,23.8056372975
772,23.8056286972
773,23.8056444064
774,23.8056415016
775,23.8056436937
776,23.8056144202
777,23.805666042
778,23.8056537989
779,23.8056098391
780,23.8056611543
781,23.8056291527
782,23.8056381734
783,23.805616124
784,23.8056444634
785,23.8056475025
786,23.8056326519
787,23.8056499367
788,23.8056054911
789,23.8056355882
790,23.8056326483
791,23.8056468592
792,23.8056301862
793,23.8056064891
794,23.8056408726
795,23.805625594
796,23.8056473249
797,23.8056483712
798,23.8056491592
799,23.8056321178
800,23.8056413958
801,23.8056242026
802,23.8056537767
803,23.805680202
804,23.8056393557
805,23.8056360161
806,23.8056431584
807,20.26862857
808,19.0831811754
809,19.9069348948
810,21.7262911092
811,20.8188771018
812,22.9880387295
813,23.8056452285
814,19.8067299144
815,17.2557260653
816,20.7836331346
817,23.8056520409
818,23.8056705982
819,23.8001511315
820,20.495468474
821,17.599494977
822,21.340929908
823,16.0250767484
824,20.812291142
825,19.5533811096
826,23.8056334993
827,23.8055886756
828,19.87029928
829,19.2460262039
830,19.7092472359
831,23.8056460577
832,23.805648327
833,23.8056168722
834,23.8056484234
835,23.8056397044
836,23.8056286996
837,23.8056178081
838,23.8056377468
839,23.805651135
840,23.8056511006
841,23.8056502816
842,23.805649445
843,23.8056268504
844,23.8056193404
845,23.8055982186
846,23.805636096
847,23.8056340698
848,23.8056364648
849,23.8055699633
850,23.8056483043
851,23.8056475727
852,23.8056400521
853,23.8056129205
854,23.80561394
855,23.8056336499
856,23.8056329012
857,23.8056492612
858,23.8056448302
859,23.8056439663
860,23.8056411077
861,23.8056446313
862,23.8056246005
863,23.8056361018
864,18.7395962082
865,20.5189831244
866,20.4022277402
867,20.2838823481
868,20.4076383193
869,20.4848607604
870,20.364134376
871,20.5432038556
872,20.3946375356
873,20.252206814
874,20.4467865735
875,20.4665966678
876,20.5598079345
877,20.2563734407
878,20.3100761413
879,20.3664196222
880,20.3727956573
881,20.3858020866
882,20.4678622103
883,20.4142037364
884,20.5779547042
885,20.420439981
886,20.514170984
887,20.4974790244
888,20.4801391995
889,20.2357007082
890,20.4745211981
891,20.352223067
892,20.3761694887
893,20.3823533388
894,20.523842426
895,20.4876241016
896,20.4543577181
897,20.563208815
898,20.3403008914
899,20.5499604981
900,20.5567201411
901,20.5216216999
902,20.4123800774
903,24.3088136824
904,-47.5935697438
905,20.5787260283
906,20.4793440449
907,20.370828532
908,20.5641379632
909,20.6602901583
910,20.3230130245
911,20.647015696
912,20.3291454056
913,20.2174921289
914,20.3959366162
915,20.4382926269
916,20.5016105548
917,19.9000592652
918,19.8191566915
919,20.2170563212
920,19.5911746595
921,20.3227088393
922,20.6121580756
923,21.2597564163
924,20.8065522357
925,20.4034713146
926,20.5952961525
927,21.1948489168
928,20.8160395121
929,20.0510152805
930,20.8224258014
931,20.85432272
932,19.7725160559
933,20.2273676162
934,20.3483390143
935,20.0596804899
936,20.585262652
937,20.7292865969
938,20.1972231465
939,21.0660906708
940,21.2365192233
941,20.2072827646
942,20.2872373164
943,20.5181444302
944,20.3364213668
945,20.0644305594
946,20.594470295
947,20.0822458495
948,20.5105880064
949,20.1391425478
950,20.3294949835
951,19.499962614
952,20.4770986581
953,20.641249147
954,20.063486938
955,19.954947873
956,19.9482589022
957,19.9544601478
958,20.4332865502
959,20.8260638362
960,21.101782023
961,20.7495926722
962,20.3099220479
963,20.3805519308
964,19.9604474751
965,20.378471538
966,20.3163388101
967,20.50283338
968,20.5606038774
969,20.3291834038
970,20.3792160553
971,20.299551544
972,20.2701528067
973,20.6256353765
974,20.2894755378
975,20.1975821695
976,20.5662410767
977,20.6693833579
978,20.0663937386
979,20.0077095369
980,19.8310387959
981,20.2155592789
982,20.8640356223
983,20.5713284701
984,20.4115502952
985,20.3862619021
986,20.5940258989
987,20.3927823147
988,20.145034666
989,20.0883459064
990,20.5352436373
991,20.6305358913
992,20.3946530808
993,20.3414558924
994,21.0168622732
995,20.7972602726
996,20.4016465875
997,20.6697681071
998,19.6182857932
999,20.1757081635
1000,20.2534513215
